starttime=2022-11-11 20:18:39.924730+01:00
exitcode=ProcessExitCode(raw=0, value=0, signal=None)
walltime=3.1169542179995915
cputime=9.7046439
cputime-cpu0=2.533712500
cputime-cpu1=2.584210800
cputime-cpu2=2.609441400
cputime-cpu3=1.977279200
memory=193523712
